Evidence estimates:
===================
  - The evidence Z is a log-normally distributed, with location and scale parameters mu and sigma.
  - We denote this as log(Z) = mu +/- sigma.

Global evidence:
----------------

log(Z)       =  -0.738148473795491E+002 +/-   0.705031237424805E+000


Local evidences:
----------------

log(Z_1)     =  -0.149148084442621E+003 +/-   0.810811558907265E+000
log(Z_2)     =  -0.135908086573014E+003 +/-   0.847785378301932E+000
log(Z_3)     =  -0.131964081070989E+003 +/-   0.892091225616259E+000
log(Z_4)     =  -0.131848518442107E+003 +/-   0.898266181330705E+000
log(Z_5)     =  -0.128731751815249E+003 +/-   0.910488915429068E+000
log(Z_6)     =  -0.126763079123201E+003 +/-   0.686273625338364E+000
log(Z_7)     =  -0.125111121660993E+003 +/-   0.736635610807988E+000
log(Z_8)     =  -0.107549203821543E+003 +/-   0.767404791427073E+000
log(Z_9)     =  -0.987927976891091E+002 +/-   0.795747463080239E+000
log(Z_10)    =  -0.982545764145793E+002 +/-   0.846054380859953E+000
log(Z_11)    =  -0.968298257414132E+002 +/-   0.101084508472316E+001
log(Z_12)    =  -0.951520375064949E+002 +/-   0.863806494395356E+000
log(Z_13)    =  -0.956633214882983E+002 +/-   0.910396235245701E+000
log(Z_14)    =  -0.931815731361329E+002 +/-   0.974798577649789E+000
log(Z_15)    =  -0.940176689240782E+002 +/-   0.882841320631495E+000
log(Z_16)    =  -0.912587236232675E+002 +/-   0.102214495038849E+001
log(Z_17)    =  -0.903919256060762E+002 +/-   0.756596523654549E+000
log(Z_18)    =  -0.913335102522560E+002 +/-   0.939463737109515E+000
log(Z_19)    =  -0.915737642080827E+002 +/-   0.999510215533624E+000
log(Z_20)    =  -0.914749916096936E+002 +/-   0.904174435658383E+000
log(Z_21)    =  -0.885306783844542E+002 +/-   0.914646515114221E+000
log(Z_22)    =  -0.886632315646558E+002 +/-   0.103942473413850E+001
log(Z_23)    =  -0.884621032734091E+002 +/-   0.952255451261157E+000
log(Z_24)    =  -0.887293860358440E+002 +/-   0.963210007430230E+000
log(Z_25)    =  -0.882018028877641E+002 +/-   0.904630650986931E+000
log(Z_26)    =  -0.880621833348860E+002 +/-   0.859900617226057E+000
log(Z_27)    =  -0.875376484888954E+002 +/-   0.948088373928568E+000
log(Z_28)    =  -0.868338458688824E+002 +/-   0.859657115390485E+000
log(Z_29)    =  -0.845770078928071E+002 +/-   0.112510418659048E+001
log(Z_30)    =  -0.865134594860338E+002 +/-   0.933864689621652E+000
log(Z_31)    =  -0.850076480666340E+002 +/-   0.788665319126225E+000
log(Z_32)    =  -0.854325469213203E+002 +/-   0.937689850595021E+000
log(Z_33)    =  -0.856892606999740E+002 +/-   0.983560747002646E+000
log(Z_34)    =  -0.819118589373359E+002 +/-   0.806110344756412E+000
log(Z_35)    =  -0.825021409817851E+002 +/-   0.925652056796704E+000
log(Z_36)    =  -0.814392704673836E+002 +/-   0.958822324822274E+000
log(Z_37)    =  -0.805541003286325E+002 +/-   0.963245635941052E+000
log(Z_38)    =  -0.793159545694237E+002 +/-   0.107985535330583E+001
log(Z_39)    =  -0.787772410434216E+002 +/-   0.891584469186445E+000
log(Z_40)    =  -0.770397190898964E+002 +/-   0.958051847825357E+000
log(Z_41)    =  -0.752376763158440E+002 +/-   0.897953381599824E+000
log(Z_42)    =  -0.743958859612569E+002 +/-   0.898368078354063E+000


Run-time information:
---------------------

 ncluster:          0 /      42
 nposterior:     3360
 nequals:           1
 ndead:         14374
 nlive:             0
 nlike:       2336337
 <nlike>:        0.00   (    0.00 per slice )


Dim No.       Mean        Sigma
  1  0.314783827056200E+000 +/-   0.000000000000000E+000
-------------------------------
  2  0.000000000000000E+000 +/-   0.000000000000000E+000
  3 -0.598922054987711E+002 +/-   0.000000000000000E+000
