Evidence estimates:
===================
  - The evidence Z is a log-normally distributed, with location and scale parameters mu and sigma.
  - We denote this as log(Z) = mu +/- sigma.

Global evidence:
----------------

log(Z)       =  -0.140057323125759E+002 +/-   0.186522840409259E+000


Local evidences:
----------------

log(Z_1)     =  -0.197082767976595E+002 +/-   0.594415281299176E+000
log(Z_2)     =  -0.179069456802781E+002 +/-   0.357745012061941E+000
log(Z_3)     =  -0.190754455540173E+002 +/-   0.459249296288700E+000
log(Z_4)     =  -0.190995012360562E+002 +/-   0.501678967737208E+000
log(Z_5)     =  -0.182930005896178E+002 +/-   0.511167410644571E+000
log(Z_6)     =  -0.177387739810002E+002 +/-   0.428055672739060E+000
log(Z_7)     =  -0.178795435963972E+002 +/-   0.518033978349302E+000
log(Z_8)     =  -0.184053111325581E+002 +/-   0.643084785548411E+000
log(Z_9)     =  -0.181865406899539E+002 +/-   0.385122181286126E+000
log(Z_10)    =  -0.164916092360220E+002 +/-   0.295232199885720E+000
log(Z_11)    =  -0.203070047002358E+002 +/-   0.926297407169600E+000
log(Z_12)    =  -0.179133014202729E+002 +/-   0.612600057120703E+000
log(Z_13)    =  -0.175234219739940E+002 +/-   0.495163577860766E+000
log(Z_14)    =  -0.173919321923259E+002 +/-   0.317612281244535E+000
log(Z_15)    =  -0.174682332698188E+002 +/-   0.619362350163103E+000
log(Z_16)    =  -0.182847703931075E+002 +/-   0.534173241391011E+000
log(Z_17)    =  -0.178090342812868E+002 +/-   0.635327226294892E+000
log(Z_18)    =  -0.181140857526731E+002 +/-   0.512400609831360E+000
log(Z_19)    =  -0.177952486640615E+002 +/-   0.445056068058245E+000
log(Z_20)    =  -0.172459362464788E+002 +/-   0.328951184192000E+000
log(Z_21)    =  -0.169498163115253E+002 +/-   0.312030675539141E+000
log(Z_22)    =  -0.186556947789473E+002 +/-   0.812764616401331E+000
log(Z_23)    =  -0.165824371580691E+002 +/-   0.467034066636514E+000
log(Z_24)    =  -0.173045918064063E+002 +/-   0.527387795368015E+000
log(Z_25)    =  -0.175737963153122E+002 +/-   0.760547474194043E+000
log(Z_26)    =  -0.171361495838046E+002 +/-   0.453439148162813E+000
log(Z_27)    =  -0.172867868010991E+002 +/-   0.542231951567616E+000
log(Z_28)    =  -0.180304949110639E+002 +/-   0.766968003868301E+000
log(Z_29)    =  -0.160704048515805E+002 +/-   0.308696825145254E+000
log(Z_30)    =  -0.172251518434413E+002 +/-   0.637269247616268E+000


Run-time information:
---------------------

 ncluster:          0 /      30
 nposterior:     3531
 nequals:          32
 ndead:         12470
 nlive:             0
 nlike:       1900632
 <nlike>:        0.00   (    0.00 per slice )


Dim No.       Mean        Sigma
  1  0.138987594693484E+000 +/-   0.000000000000000E+000
-------------------------------
  2  0.000000000000000E+000 +/-   0.000000000000000E+000
  3 -0.633503738994948E+001 +/-   0.000000000000000E+000
