Evidence estimates:
===================
  - The evidence Z is a log-normally distributed, with location and scale parameters mu and sigma.
  - We denote this as log(Z) = mu +/- sigma.

Global evidence:
----------------

log(Z)       =  -0.173003478641652E+002 +/-   0.347112792386528E+000


Local evidences:
----------------

log(Z_1)     =  -0.258025333651489E+002 +/-   0.747304465985453E+000
log(Z_2)     =  -0.243892570792486E+002 +/-   0.631917337716572E+000
log(Z_3)     =  -0.241800588395260E+002 +/-   0.546918306995384E+000
log(Z_4)     =  -0.231366601896907E+002 +/-   0.351478622799324E+000
log(Z_5)     =  -0.233390595363333E+002 +/-   0.588053049950080E+000
log(Z_6)     =  -0.228611795901753E+002 +/-   0.915367989191940E+000
log(Z_7)     =  -0.220686619474403E+002 +/-   0.528295902935032E+000
log(Z_8)     =  -0.228348130263998E+002 +/-   0.702994190522537E+000
log(Z_9)     =  -0.237205098924348E+002 +/-   0.638490099527192E+000
log(Z_10)    =  -0.226741638242272E+002 +/-   0.670766624211291E+000
log(Z_11)    =  -0.237027517628981E+002 +/-   0.762225542444923E+000
log(Z_12)    =  -0.231939855698803E+002 +/-   0.688621740405371E+000
log(Z_13)    =  -0.217002883147888E+002 +/-   0.601362609300542E+000
log(Z_14)    =  -0.227927678854149E+002 +/-   0.651673300493159E+000
log(Z_15)    =  -0.225486075432841E+002 +/-   0.698866500083273E+000
log(Z_16)    =  -0.223579135647158E+002 +/-   0.655622147307014E+000
log(Z_17)    =  -0.223832806494566E+002 +/-   0.723928465599315E+000
log(Z_18)    =  -0.221470858638469E+002 +/-   0.728903831762201E+000
log(Z_19)    =  -0.225486387882307E+002 +/-   0.562450163443921E+000
log(Z_20)    =  -0.232511516148971E+002 +/-   0.929788240724070E+000
log(Z_21)    =  -0.215465742769029E+002 +/-   0.851502756106938E+000
log(Z_22)    =  -0.226294274711480E+002 +/-   0.839614915545192E+000
log(Z_23)    =  -0.220309282310853E+002 +/-   0.760054884949427E+000
log(Z_24)    =  -0.216465085287880E+002 +/-   0.785542698993839E+000
log(Z_25)    =  -0.203907954179169E+002 +/-   0.344308300864485E+000
log(Z_26)    =  -0.224881245196746E+002 +/-   0.818165461446738E+000
log(Z_27)    =  -0.214406628011552E+002 +/-   0.536125277898025E+000
log(Z_28)    =  -0.217015093766846E+002 +/-   0.628173197226630E+000
log(Z_29)    =  -0.215513541871209E+002 +/-   0.698141436282518E+000
log(Z_30)    =  -0.212206734605136E+002 +/-   0.738864845608407E+000
log(Z_31)    =  -0.215495613074784E+002 +/-   0.849481443860138E+000
log(Z_32)    =  -0.216354104965205E+002 +/-   0.924681218228883E+000
log(Z_33)    =  -0.212509059931433E+002 +/-   0.776160403057793E+000
log(Z_34)    =  -0.218609328584942E+002 +/-   0.830645107824764E+000
log(Z_35)    =  -0.206278667184526E+002 +/-   0.740978973128149E+000
log(Z_36)    =  -0.212086562686770E+002 +/-   0.726222337346677E+000
log(Z_37)    =  -0.206484547623683E+002 +/-   0.771722736258809E+000
log(Z_38)    =  -0.204666019402103E+002 +/-   0.707959539072015E+000
log(Z_39)    =  -0.202752155195893E+002 +/-   0.633297251579901E+000
log(Z_40)    =  -0.209883268323328E+002 +/-   0.899952535439805E+000
log(Z_41)    =  -0.198036551021094E+002 +/-   0.751985244108952E+000
log(Z_42)    =  -0.201549920591782E+002 +/-   0.865070739735216E+000
log(Z_43)    =  -0.193203428747825E+002 +/-   0.995591877926891E+000


Run-time information:
---------------------

 ncluster:          0 /      43
 nposterior:     3391
 nequals:           5
 ndead:         13674
 nlive:             0
 nlike:       2202189
 <nlike>:        0.00   (    0.00 per slice )


Dim No.       Mean        Sigma
  1  0.269038463984707E+000 +/-   0.000000000000000E+000
-------------------------------
  2  0.000000000000000E+000 +/-   0.000000000000000E+000
  3 -0.755736674898178E+001 +/-   0.000000000000000E+000
