# log-evidence
logZ: -10.5869271120566
logZstd: 0.113023824675914
clusters:
  1:
    logZ: -11.308401726320499
    logZstd: 0.096333738292307
  2:
    logZ: -11.261313591314499
    logZstd: 0.183427863167363
