Evidence estimates:
===================
  - The evidence Z is a log-normally distributed, with location and scale parameters mu and sigma.
  - We denote this as log(Z) = mu +/- sigma.

Global evidence:
----------------

log(Z)       =  -0.255533125142317E+002 +/-   0.160488542330443E+000


Local evidences:
----------------

log(Z_1)     =  -0.313804268911257E+002 +/-   0.442942695738210E+000
log(Z_2)     =  -0.300844155687584E+002 +/-   0.284727842606570E+000
log(Z_3)     =  -0.307309195819088E+002 +/-   0.422025817729321E+000
log(Z_4)     =  -0.300130532260795E+002 +/-   0.416185195316653E+000
log(Z_5)     =  -0.323957674408805E+002 +/-   0.708779817436474E+000
log(Z_6)     =  -0.295108201635541E+002 +/-   0.274934492028038E+000
log(Z_7)     =  -0.298442784693277E+002 +/-   0.300286861900583E+000
log(Z_8)     =  -0.292121608358275E+002 +/-   0.233532361776083E+000
log(Z_9)     =  -0.301960581641295E+002 +/-   0.358615112981338E+000
log(Z_10)    =  -0.300795706874102E+002 +/-   0.367781105851153E+000
log(Z_11)    =  -0.293881735833920E+002 +/-   0.247810097358230E+000
log(Z_12)    =  -0.295195584130031E+002 +/-   0.308202725560295E+000
log(Z_13)    =  -0.302734116171188E+002 +/-   0.339688685338342E+000
log(Z_14)    =  -0.298331709492767E+002 +/-   0.394605866231688E+000
log(Z_15)    =  -0.291218028012931E+002 +/-   0.240305752786510E+000
log(Z_16)    =  -0.302235534967591E+002 +/-   0.435800798566601E+000
log(Z_17)    =  -0.280146970063322E+002 +/-   0.176148744743666E+000
log(Z_18)    =  -0.294100302580069E+002 +/-   0.445489899249071E+000
log(Z_19)    =  -0.300879770537440E+002 +/-   0.394464537647768E+000
log(Z_20)    =  -0.288548466205363E+002 +/-   0.241201246634231E+000
log(Z_21)    =  -0.298658960347943E+002 +/-   0.398672994457390E+000
log(Z_22)    =  -0.265850180279892E+002 +/-   0.156809996270987E+000
log(Z_23)    =  -0.297802486014648E+002 +/-   0.312421091043855E+000
log(Z_24)    =  -0.282704436065830E+002 +/-   0.207020465698150E+000
log(Z_25)    =  -0.301284149607898E+002 +/-   0.618320078002950E+000
log(Z_26)    =  -0.300485379352806E+002 +/-   0.431371921223570E+000
log(Z_27)    =  -0.290161045053228E+002 +/-   0.330779354633438E+000
log(Z_28)    =  -0.292449745296017E+002 +/-   0.415618908342334E+000
log(Z_29)    =  -0.289297964577535E+002 +/-   0.334805863602921E+000
log(Z_30)    =  -0.313543929010423E+002 +/-   0.822872653947957E+000
log(Z_31)    =  -0.289191681617824E+002 +/-   0.783521932778046E+000


Run-time information:
---------------------

 ncluster:          0 /      31
 nposterior:     8792
 nequals:          20
 ndead:         42833
 nlive:             0
 nlike:      14432499
 <nlike>:        0.00   (    0.00 per slice )


Dim No.       Mean        Sigma
  1  0.574700236332368E-001 +/-   0.000000000000000E+000
  2  0.104465022820665E+000 +/-   0.000000000000000E+000
-------------------------------
  3 -0.693147180559945E+000 +/-   0.000000000000000E+000
  4 -0.143455708586058E+002 +/-   0.000000000000000E+000
