Evidence estimates:
===================
  - The evidence Z is a log-normally distributed, with location and scale parameters mu and sigma.
  - We denote this as log(Z) = mu +/- sigma.

Global evidence:
----------------

log(Z)       =  -0.398463883144603E+002 +/-   0.692931608324032E+000


Local evidences:
----------------

log(Z_1)     =  -0.872897720709481E+002 +/-   0.867800371601051E+000
log(Z_2)     =  -0.853838436759232E+002 +/-   0.772189918987353E+000
log(Z_3)     =  -0.759770028020543E+002 +/-   0.965001803492989E+000
log(Z_4)     =  -0.753926793569167E+002 +/-   0.656156242457711E+000
log(Z_5)     =  -0.720050683115253E+002 +/-   0.951836467683228E+000
log(Z_6)     =  -0.704615722199773E+002 +/-   0.939446692171929E+000
log(Z_7)     =  -0.646362804864099E+002 +/-   0.843874024363458E+000
log(Z_8)     =  -0.602303661229621E+002 +/-   0.859576322125979E+000
log(Z_9)     =  -0.566172178175852E+002 +/-   0.825782239665576E+000
log(Z_10)    =  -0.591678659109988E+002 +/-   0.872438062250679E+000
log(Z_11)    =  -0.584804751229435E+002 +/-   0.900130330695430E+000
log(Z_12)    =  -0.573374882087455E+002 +/-   0.990886836021807E+000
log(Z_13)    =  -0.578877423508612E+002 +/-   0.843733498908011E+000
log(Z_14)    =  -0.579130783220725E+002 +/-   0.872009352068564E+000
log(Z_15)    =  -0.580521581139240E+002 +/-   0.108650733818346E+001
log(Z_16)    =  -0.553387992640747E+002 +/-   0.792224981447753E+000
log(Z_17)    =  -0.529926552493916E+002 +/-   0.940782733358694E+000
log(Z_18)    =  -0.515965742128719E+002 +/-   0.988089226184529E+000
log(Z_19)    =  -0.491378875667514E+002 +/-   0.900998546548759E+000
log(Z_20)    =  -0.490415805653600E+002 +/-   0.823435307764355E+000
log(Z_21)    =  -0.475479482728428E+002 +/-   0.743828784374844E+000
log(Z_22)    =  -0.482473883195965E+002 +/-   0.970984789228613E+000
log(Z_23)    =  -0.471364207198870E+002 +/-   0.842721154939775E+000
log(Z_24)    =  -0.476309058231613E+002 +/-   0.914381157994514E+000
log(Z_25)    =  -0.465359329733766E+002 +/-   0.876045653463838E+000
log(Z_26)    =  -0.465282352795571E+002 +/-   0.735987099247203E+000
log(Z_27)    =  -0.452851532978191E+002 +/-   0.101510170681608E+001
log(Z_28)    =  -0.444166548534289E+002 +/-   0.888022311482819E+000
log(Z_29)    =  -0.436895603161758E+002 +/-   0.893924542879960E+000
log(Z_30)    =  -0.427767729734306E+002 +/-   0.854916312203544E+000
log(Z_31)    =  -0.426219897539005E+002 +/-   0.956219785306372E+000
log(Z_32)    =  -0.417490586213341E+002 +/-   0.860733312052306E+000
log(Z_33)    =  -0.404621439441636E+002 +/-   0.912278142124101E+000


Run-time information:
---------------------

 ncluster:          0 /      33
 nposterior:     3313
 nequals:           1
 ndead:         13415
 nlive:             0
 nlike:       2152650
 <nlike>:        0.00   (    0.00 per slice )


Dim No.       Mean        Sigma
  1  0.442136897539633E+000 +/-   0.000000000000000E+000
-------------------------------
  2  0.000000000000000E+000 +/-   0.000000000000000E+000
  3 -0.265902777804818E+002 +/-   0.000000000000000E+000
